--- PAGE 1 ---
Department of Commerce  
Statistics Division, DGFT 
Table 3: India’s Country-wise Merchandise Export of QE Groups: Growth for last 2 years and current year 
(Value in US$ Million)  
 S. No. QE Groups 2024-25 2025-26 % 
Change 
May, 
2025 
May, 
2026 
% 
Change 
Apr, 
2026 
% 
Change 
over 
Apr, 
2026 
Apr - 
May, 
2025-26 
Apr - 
May, 
2026-
27 
% Change % Share 
1 U S A 86514 87316 0.9 8826 8817 -0.1 8479 3.99 17209 17294 0.5 19.5 
2 U ARAB EMTS 36638 37359 2.0 2970 3065 3.2 2185 40.25 6405 5248 -18.1 5.9 
3 SINGAPORE 12976 11864 -8.6 1122 1897 69.0 3196 -40.67 2267 5073 123.7 5.7 
4 CHINA P RP 14252 19471 36.6 1621 2022 24.8 1771 14.17 3015 3795 25.9 4.3 
5 NETHERLAND 22763 17501 -23.1 2050 1673 -18.4 1366 22.49 4071 3039 -25.4 3.4 
6 U K 14550 13444 -7.6 1100 1210 10.1 1233 -1.79 2174 2443 12.4 2.7 
7 BANGLADESH 
PR 11485 10587 -7.8 916 844 -7.9 1391 -39.34 1764 2183 23.8 2.5 
8 TANZANIA REP 4790 5420 13.2 298 884 196.9 1294 -31.70 800 2177 172.2 2.4 
9 GERMANY 10629 11526 8.4 1014 1083 6.7 1026 5.50 1871 2109 12.7 2.4 
10 SOUTH AFRICA 7462 7008 -6.1 650 1406 116.2 688 104.19 1291 2094 62.2 2.4 
11 AUSTRALIA 8581 7284 -15.1 788 877 11.3 1136 -22.77 1521 2013 32.4 2.3 
12 SRI LANKA DSR 4551 5517 21.2 308 772 150.3 1026 -24.81 635 1798 183.3 2.0 
13 MALAYSIA 7317 6826 -6.7 538 921 71.1 855 7.68 1074 1776 65.4 2.0 
14 SAUDI ARAB 11757 10281 -12.6 824 916 11.1 852 7.46 1701 1767 3.9 2.0 
15 ITALY 7727 7790 0.8 592 1110 87.5 632 75.61 1207 1742 44.3 2.0 
16 HONG KONG 6067 8082 33.2 537 733 36.4 883 -17.06 1001 1616 61.5 1.8 
17 NEPAL 7386 7447 0.8 682 675 -1.0 848 -20.44 1334 1524 14.2 1.7 
18 KOREA RP 5820 6012 3.3 446 764 71.1 624 22.42 1049 1382 31.8 1.6 
19 VIETNAM SOC 
REP 5429 6666 22.8 459 648 41.4 654 -0.86 886 1302 46.9 1.5 
20 SPAIN 4764 6961 46.1 441 690 56.3 551 25.17 865 1241 43.5 1.4 
21 FRANCE 7960 7102 -10.8 573 642 12.0 566 13.46 1174 1208 2.9 1.4 
22 BRAZIL 6771 7022 3.7 518 667 28.8 527 26.56 1080 1194 10.6 1.3 

--- PAGE 2 ---
23 JAPAN 6249 6040 -3.4 485 627 29.3 518 21.15 991 1145 15.5 1.3 
24 MEXICO 5749 5727 -0.4 460 605 31.6 526 15.03 882 1132 28.3 1.3 
25 TURKEY 5717 4545 -20.5 351 695 97.8 398 74.71 741 1093 47.6 1.2 
26 BELGIUM 6320 6599 4.4 610 468 -23.3 523 -10.43 1173 991 -15.5 1.1 
27 KENYA 3134 4017 28.2 209 472 125.6 456 3.55 578 923 59.8 1.0 
28 INDONESIA 5380 4491 -16.5 373 458 22.8 414 10.48 719 872 21.3 1.0 
29 CANADA 4222 4671 10.6 368 455 23.4 408 11.49 715 863 20.6 1.0 
30 THAILAND 4813 5059 5.1 416 408 -2.0 418 -2.36 781 825 5.7 0.9 
31 RUSSIA 4881 4494 -7.9 375 383 2.2 401 -4.58 746 784 5.1 0.9 
32 OMAN 4065 4021 -1.1 449 402 -10.4 391 2.85 885 764 -13.6 0.9 
33 EGYPT A RP 3411 3932 15.3 303 344 13.7 323 6.43 598 667 11.5 0.8 
34 MOZAMBIQUE 1323 1496 13.1 96 439 355.2 150 191.81 246 589 139.5 0.7 
35 NIGERIA 2946 3132 6.3 221 261 18.0 309 -15.68 445 570 28.1 0.6 
36 TOGO 2522 2512 -0.4 363 77 -78.8 453 -82.97 731 530 -27.5 0.6 
37 POLAND 2619 2796 6.8 255 271 6.0 237 14.01 482 508 5.5 0.6 
38 PHILIPPINES 2162 2332 7.9 177 210 18.6 282 -25.60 432 492 13.9 0.6 
39 TAIWAN 1782 1949 9.4 169 188 11.4 176 6.41 314 364 15.8 0.4 
40 ISRAEL 2145 2235 4.2 187 185 -1.0 175 5.52 346 360 4.1 0.4 
41 COLOMBIA 1472 1806 22.7 147 178 20.8 150 18.72 287 328 14.2 0.4 
42 AUSTRIA 1406 1308 -7.0 132 147 11.4 115 27.08 226 262 16.0 0.3 
43 CHILE 1154 1220 5.8 127 157 23.2 100 56.16 235 257 9.4 0.3 
44 GHANA 1347 1292 -4.1 103 131 26.8 112 16.67 205 243 18.2 0.3 
45 BHUTAN 1264 1253 -0.9 109 119 9.0 118 0.72 219 236 8.1 0.3 
46 SWEDEN 1262 1371 8.6 114 125 9.9 101 23.84 203 227 11.6 0.3 
47 IRAQ 3273 2958 -9.6 304 91 -70.2 79 14.72 556 169 -69.5 0.2 
48 KUWAIT 1935 1652 -14.6 159 79 -50.6 41 92.31 316 119 -62.3 0.1 
49 IRAN 1241 1259 1.4 109 46 -58.0 51 -10.25 250 97 -61.4 0.1 
50 QATAR 1682 1620 -3.7 123 62 -49.6 29 113.74 243 91 -62.8 0.1 
Total of above country 391664 394274 0.7 34569 40393 16.8 39240 2.9 68938 79521 15.4 89.4 
% Share 89 89   90 89   90   90 89     
Total export by India 437705 441730 0.9 38304 45197 18.0 43560 3.8 76587 88909 16.1 100.0 
Source: DGCIS, based on Quick Estimate May, 2026 
 