--- CHUNK HEADER ---
Chunk ID: A-DATA-100-C01
Parent Doc ID: A-DATA-100
Page Range: Page 1
Word Range: 1 - 386
Word Count: 386
--------------------

[Page 1]
Department of Commerce  
Statistics Division, DGFT 
Table 3: India’s Country-wise Merchandise Export of QE Groups: Growth for last 2 years and current year 
(Value in US$ Million)  
 S. No. QE Groups 2024-25 2025-26 % 
Change 
May, 
2025 
May, 
2026 
% 
Change 
Apr, 
2026 
% 
Change 
over 
Apr, 
2026 
Apr - 
May, 
2025-26 
Apr - 
May, 
2026-
27 
% Change % Share 
1 U S A 86514 87316 0.9 8826 8817 -0.1 8479 3.99 17209 17294 0.5 19.5 
2 U ARAB EMTS 36638 37359 2.0 2970 3065 3.2 2185 40.25 6405 5248 -18.1 5.9 
3 SINGAPORE 12976 11864 -8.6 1122 1897 69.0 3196 -40.67 2267 5073 123.7 5.7 
4 CHINA P RP 14252 19471 36.6 1621 2022 24.8 1771 14.17 3015 3795 25.9 4.3 
5 NETHERLAND 22763 17501 -23.1 2050 1673 -18.4 1366 22.49 4071 3039 -25.4 3.4 
6 U K 14550 13444 -7.6 1100 1210 10.1 1233 -1.79 2174 2443 12.4 2.7 
7 BANGLADESH 
PR 11485 10587 -7.8 916 844 -7.9 1391 -39.34 1764 2183 23.8 2.5 
8 TANZANIA REP 4790 5420 13.2 298 884 196.9 1294 -31.70 800 2177 172.2 2.4 
9 GERMANY 10629 11526 8.4 1014 1083 6.7 1026 5.50 1871 2109 12.7 2.4 
10 SOUTH AFRICA 7462 7008 -6.1 650 1406 116.2 688 104.19 1291 2094 62.2 2.4 
11 AUSTRALIA 8581 7284 -15.1 788 877 11.3 1136 -22.77 1521 2013 32.4 2.3 
12 SRI LANKA DSR 4551 5517 21.2 308 772 150.3 1026 -24.81 635 1798 183.3 2.0 
13 MALAYSIA 7317 6826 -6.7 538 921 71.1 855 7.68 1074 1776 65.4 2.0 
14 SAUDI ARAB 11757 10281 -12.6 824 916 11.1 852 7.46 1701 1767 3.9 2.0 
15 ITALY 7727 7790 0.8 592 1110 87.5 632 75.61 1207 1742 44.3 2.0 
16 HONG KONG 6067 8082 33.2 537 733 36.4 883 -17.06 1001 1616 61.5 1.8 
17 NEPAL 7386 7447 0.8 682 675 -1.0 848 -20.44 1334 1524 14.2 1.7 
18 KOREA RP 5820 6012 3.3 446 764 71.1 624 22.42 1049 1382 31.8 1.6 
19 VIETNAM SOC 
REP 5429 6666 22.8 459 648 41.4 654 -0.86 886 1302 46.9 1.5 
20 SPAIN 4764 6961 46.1 441 690 56.3 551 25.17 865 1241 43.5 1.4 
21 FRANCE 7960 7102 -10.8 573 642 12.0 566 13.46 1174 1208 2.9 1.4 
22 BRAZIL 6771 7022 3.7 518 667 28.8 527 26.56 1080 1194 10.6 1.3