--- CHUNK HEADER ---
Chunk ID: A-DATA-100-C02
Parent Doc ID: A-DATA-100
Page Range: Page 2
Word Range: 387 - 636
Word Count: 250
--------------------

[Page 2]
23 JAPAN 6249 6040 -3.4 485 627 29.3 518 21.15 991 1145 15.5 1.3 
24 MEXICO 5749 5727 -0.4 460 605 31.6 526 15.03 882 1132 28.3 1.3 
25 TURKEY 5717 4545 -20.5 351 695 97.8 398 74.71 741 1093 47.6 1.2 
26 BELGIUM 6320 6599 4.4 610 468 -23.3 523 -10.43 1173 991 -15.5 1.1 
27 KENYA 3134 4017 28.2 209 472 125.6 456 3.55 578 923 59.8 1.0 
28 INDONESIA 5380 4491 -16.5 373 458 22.8 414 10.48 719 872 21.3 1.0 
29 CANADA 4222 4671 10.6 368 455 23.4 408 11.49 715 863 20.6 1.0 
30 THAILAND 4813 5059 5.1 416 408 -2.0 418 -2.36 781 825 5.7 0.9 
31 RUSSIA 4881 4494 -7.9 375 383 2.2 401 -4.58 746 784 5.1 0.9 
32 OMAN 4065 4021 -1.1 449 402 -10.4 391 2.85 885 764 -13.6 0.9 
33 EGYPT A RP 3411 3932 15.3 303 344 13.7 323 6.43 598 667 11.5 0.8 
34 MOZAMBIQUE 1323 1496 13.1 96 439 355.2 150 191.81 246 589 139.5 0.7 
35 NIGERIA 2946 3132 6.3 221 261 18.0 309 -15.68 445 570 28.1 0.6 
36 TOGO 2522 2512 -0.4 363 77 -78.8 453 -82.97 731 530 -27.5 0.6 
37 POLAND 2619 2796 6.8 255 271 6.0 237 14.01 482 508 5.5 0.6 
38 PHILIPPINES 2162 2332 7.9 177 210 18.6 282 -25.60 432 492 13.9 0.6 
39 TAIWAN 1782 1949 9.4 169 188 11.4 176 6.41 314 364 15.8 0.4 
40 ISRAEL 2145 2235 4.2 187 185 -1.0 175 5.52 346 360 4.1 0.4 
41 COLOMBIA 1472 1806 22.7 147 178 20.8 150 18.72 287 328 14.2 0.4 
42 AUSTRIA 1406 1308 -7.0 132 147 11.4 115 27.08 226 262 16.0 0.3 
43 CHILE 1154 1220 5.8 127 157 23.2 100 56.16 235 257 9.4 0.3 
44 GHANA 1347 1292 -4.1 103 131 26.8 112 16.67 205 243 18.2 0.3 
45 BHUTAN 1264 1253 -0.9 109 119 9.0 118 0.72 219 236 8.1 0.3 
46 SWEDEN 1262 1371 8.6 114 125 9.9 101 23.84 203 227 11.6 0.3 
47 IRAQ 3273 2958 -9.6 304 91 -70.2 79 14.72 556 169 -69.5 0.2 
48 KUWAIT 1935 1652 -14.6 159 79 -50.6 41 92.31 316 119 -62.3 0.1 
49 IRAN 1241 1259 1.4 109 46 -58.0 51 -10.25 250 97 -61.4 0.1 
50 QATAR 1682 1620 -3.7 123 62 -49.6 29 113.74 243 91 -62.8 0.1 
Total of above country 391664 394274 0.7 34569 40393 16.8 39240 2.9 68938 79521 15.4 89.4 
% Share 89 89   90 89   90   90 89     
Total export by India 437705 441730 0.9 38304 45197 18.0 43560 3.8 76587 88909 16.1 100.0 
Source: DGCIS, based on Quick Estimate May, 2026