--- CHUNK HEADER ---
Chunk ID: A-DATA-101-C03
Parent Doc ID: A-DATA-101
Page Range: Page 2
Word Range: 566 - 893
Word Count: 328
--------------------

[Page 2]
S. No. QE Groups 2024-25 2025-26 % Change May,
2025
May,
2026 % Change Apr,
2026
% Change 
over Apr, 
2026
Apr - May, 
2025-26
Apr - May, 
2026-27 % Change % Share
(Value in US$ Million) 
34 COLOMBIA 3245 2903 -10.6 154 202 31.7 501 -59.6 366 704 92.3 0.5
35 SWEDEN 2120 1967 -7.2 211 168 -20.2 414 -59.38 383 582 52.0 0.4
36 MEXICO 2869 2106 -26.6 80 216 168.9 342 -36.8 202 558 176.0 0.4
37 TANZANIA REP 3851 3603 -6.4 297 267 -10.1 203 31.91 723 470 -35.0 0.3
38 SPAIN 2218 2234 0.7 235 213 -9.4 189 12.7 417 402 -3.5 0.3
39 TURKEY 2993 2343 -21.7 185 225 21.8 120 86.93 451 345 -23.5 0.2
40 EGYPT A RP 1329 2603 95.9 239 113 -52.8 181 -37.6 536 294 -45.2 0.2
41 NEPAL 1289 1942 50.7 187 139 -25.7 153 -9.10 381 293 -23.3 0.2
42 BANGLADESH PR 2005 1780 -11.2 168 144 -13.8 137 5.5 276 281 2.1 0.2
43 IRELAND 5129 6129 19.5 537 132 -75.4 130 1.97 1383 262 -81.1 0.2
44 ISRAEL 1481 1689 14.0 124 133 6.8 120 10.8 266 253 -4.9 0.2
45 IRAQ 28891 24558 -15.0 2565 161 -93.7 91 76.19 5529 252 -95.4 0.2
46 MOROCCO 1590 2897 82.1 127 136 7.6 110 24.0 212 246 16.2 0.2
47 JORDAN 1912 1877 -1.8 134 157 17.3 82 90.61 250 239 -4.2 0.2
48 QATAR 12464 12293 -1.4 911 156 -82.9 81 92.9 2197 237 -89.2 0.2
49 MOZAMBIQUE 2097 2289 9.2 119 132 10.8 76 75.00 282 208 -26.2 0.1
50 KUWAIT 8286 7917 -4.4 488 17 -96.4 167 -89.6 1560 185 -88.2 0.1
690043 740987 7.4 58328 68835 18.0 67095 2.6 120894 135930 12.4 93.5
96 96 96 94 113 96 94
720241 774978 7.6 60855 73407 20.6 59592 23.2 126237 145350 15.1 100.0
Source: DGCIS, based on Quick Estimate May, 2026
Total of above country
% share
Total Import by India